22.84
21.98
22.41
21.55
22.41
22.79
23.16
22.79
22.79
23.16
25.36
21.74
25.37
26.11
23.98
23.98
24.62
23.91
23.19
22.46
23
21.5
22
22
23
22
21.5
21.5
23
23
22.7
23.5
22.7
22.7
23.5
23.1
21.4
22.6
22.2
23.1
23.44
22.66
22.66
22.66
22.66
21.95
22.66
22.76
21.95
21.95
22.76
22.38
23.1
22.76
22.38
22
22.58
23.36
23.79
23.38
22.98
23.8
25.39
23.8
24.6
25.39
23.73
23.73
23.73
23.73
22.03
23.33
20
21.6
20.83
22.5
24.5
23.7
22
23.2
22.5
23.9
23.9
23.9
24.6
24.3
29
29
28
28
26
28
31
30
28
29
22.3
22.3
21.53
21.53
23.07
25
24.14
22.41
22.41
23.27
21.77
22.77
21.77
21.77
21.77
21.77
25
24.3
23.7
24.2
25
23.43
23.43
23.43
22.66
25.78
25.78
25.78
27.34
25
