22.44
22.49
22.48
22.49
22.48
22.46
22.47
22.57
22.59
22.6
22.57
22.75
22.57
22.53
22.59
22.56
22.55
22.55
22.56
22.56
22.57
22.56
22.56
22.55
22.55
22.49
22.52
22.54
22.52
22.54
22.54
22.58
22.52
22.55
22.55
22.58
22.6
22.59
22.58
22.6
22.6
22.62
22.61
22.59
22.58
22.59
22.63
22.58
22.56
22.66
22.66
22.55
22.56
22.54
22.55
22.55
22.55
22.57
22.57
22.57
22.56
22.58
22.59
22.48
22.56
22.44
22.4
22.47
22.53
22.45
22.4
22.41
22.51
22.52
22.47
22.47
22.43
22.51
22.48
22.47
22.47
22.2
22.02
22.18
21.98
22.22
22.19
22.15
22.19
22.16
22.52
22.4
22.56
22.6
22.55
22.48
22.49
22.62
22.53
22.54
22.56
22.55
22.56
22.6
22.55
22.56
22.6
22.52
22.56
22.57
22.59
22.59
22.25
22.26
22.25
22.27
22.25
22.26
22.25
22.25
22.26
22.46
22.46
22.48
22.47
22.46
22.45
22.46
22.45
22.45
22.57
22.55
22.58
22.57
22.55
22.58
22.56
22.55
